,Country,Happiness Score 2015,Happiness Score 2016,Happiness Score 2017
0,Switzerland,7.587000000000001,7.5089999999999995,7.493999958
1,Iceland,7.561,7.501,7.504000187000001
2,Denmark,7.527,7.526,7.521999836
3,Norway,7.522,7.497999999999999,7.537000179
4,Canada,7.4270000000000005,7.404,7.315999985
5,Finland,7.406000000000001,7.412999999999999,7.468999863
6,Netherlands,7.377999999999999,7.3389999999999995,7.376999855
7,Sweden,7.364,7.291,7.28399992
8,New Zealand,7.2860000000000005,7.334,7.31400013
9,Australia,7.284,7.313,7.28399992
10,Israel,7.278,7.267,7.212999821
11,Costa Rica,7.226,7.087000000000001,7.078999996
12,Austria,7.2,7.119,7.006000042
13,Mexico,7.187,6.778,6.578000069
14,United States,7.119,7.104,6.993000031
15,Brazil,6.983,6.952000000000001,6.635000229
16,Luxembourg,6.946000000000001,6.871,6.862999916000001
17,Ireland,6.94,6.907,6.977000237
18,Belgium,6.937,6.928999999999999,6.890999794
19,United Arab Emirates,6.901,6.5729999999999995,6.647999763
20,United Kingdom,6.867000000000001,6.725,6.714000225
21,Venezuela,6.81,6.084,5.25
22,Singapore,6.797999999999999,6.739,6.5720000270000005
23,Panama,6.7860000000000005,6.7010000000000005,6.452000141
24,Germany,6.75,6.994,6.951000214
25,Chile,6.67,6.705,6.65199995
26,Qatar,6.611000000000001,6.375,6.375
27,France,6.575,6.478,6.441999912000001
28,Argentina,6.574,6.65,6.598999977
29,Czech Republic,6.505,6.596,6.609000206
30,Uruguay,6.485,6.545,6.453999996
31,Colombia,6.477,6.481,6.3569998739999996
32,Thailand,6.455,6.474,6.423999786
33,Saudi Arabia,6.4110000000000005,6.379,6.343999863
34,Spain,6.329,6.361000000000001,6.402999877999999
35,Malta,6.3020000000000005,6.4879999999999995,6.52699995
36,Kuwait,6.295,6.239,6.105000018999999
37,Trinidad and Tobago,6.167999999999999,6.167999999999999,6.168000221000001
38,El Salvador,6.13,6.068,6.002999783
39,Guatemala,6.122999999999999,6.324,6.453999996
40,Uzbekistan,6.002999999999999,5.987,5.971000195
41,Slovakia,5.995,6.077999999999999,6.09800005
42,Japan,5.987,5.921,5.920000076
43,South Korea,5.984,5.835,5.837999821
44,Ecuador,5.975,5.976,6.007999897
45,Bahrain,5.96,6.218,6.086999893
46,Italy,5.9479999999999995,5.977,5.964000225
47,Bolivia,5.89,5.822,5.822999954
48,Moldova,5.888999999999999,5.897,5.837999821
49,Paraguay,5.877999999999999,5.537999999999999,5.493000031
50,Kazakhstan,5.855,5.919,5.818999767
51,Slovenia,5.848,5.768,5.757999897
52,Lithuania,5.832999999999999,5.813,5.90199995
53,Nicaragua,5.827999999999999,5.992000000000001,6.071000099
54,Peru,5.824,5.742999999999999,5.715000152999999
55,Belarus,5.813,5.8020000000000005,5.568999767
56,Poland,5.791,5.835,5.97300005
57,Malaysia,5.77,6.005,6.084000111
58,Croatia,5.7589999999999995,5.4879999999999995,5.293000221000001
59,Libya,5.754,5.615,5.525000095
60,Russia,5.716,5.856,5.962999821
61,Jamaica,5.709,5.51,5.31099987
62,North Cyprus,5.695,5.771,5.809999942999999
63,Cyprus,5.689,5.546,5.620999812999999
64,Algeria,5.605,6.355,5.872000217
65,Kosovo,5.5889999999999995,5.401,5.278999805
66,Turkmenistan,5.547999999999999,5.6579999999999995,5.8220000270000005
67,Mauritius,5.477,5.648,5.629000187000001
68,Estonia,5.428999999999999,5.517,5.611000061
69,Indonesia,5.399,5.314,5.262000083999999
70,Vietnam,5.36,5.061,5.073999882
71,Turkey,5.332000000000001,5.388999999999999,5.5
72,Kyrgyzstan,5.2860000000000005,5.185,5.004000187
73,Nigeria,5.268,4.875,5.073999882
74,Bhutan,5.252999999999999,5.196000000000001,5.011000156000001
75,Azerbaijan,5.212000000000001,5.291,5.234000206
76,Pakistan,5.194,5.132000000000001,5.269000053
77,Jordan,5.192,5.303,5.335999966
78,Montenegro,5.192,5.1610000000000005,5.236999989
79,China,5.14,5.245,5.2729997630000005
80,Zambia,5.129,4.795,4.513999939
81,Romania,5.124,5.528,5.8249998089999995
82,Serbia,5.122999999999999,5.1770000000000005,5.394999981000001
83,Portugal,5.102,5.122999999999999,5.195000172
84,Latvia,5.098,5.56,5.849999905
85,Philippines,5.073,5.279,5.429999828
86,Morocco,5.013,5.151,5.235000134
87,Macedonia,5.007,5.121,5.1750001910000005
88,Albania,4.959,4.655,4.644000053
89,Bosnia and Herzegovina,4.949,5.162999999999999,5.18200016
90,Dominican Republic,4.885,5.155,5.230000018999999
91,Mongolia,4.874,4.907,4.954999924
92,Greece,4.857,5.033,5.2270002369999995
93,Lebanon,4.8389999999999995,5.129,5.224999905
94,Hungary,4.8,5.145,5.323999882
95,Honduras,4.788,4.871,5.181000233
96,Tajikistan,4.7860000000000005,4.996,5.040999889
97,Tunisia,4.739,5.045,4.804999828
98,Palestinian Territories,4.715,4.754,4.775000095
99,Bangladesh,4.694,4.643,4.607999802
100,Iran,4.686,4.813,4.691999912
101,Ukraine,4.681,4.324,4.096000195
102,Iraq,4.677,4.575,4.497000217
103,South Africa,4.6419999999999995,4.459,4.828999996
104,Ghana,4.633,4.276,4.1199998860000004
105,Zimbabwe,4.61,4.1930000000000005,3.875
106,Liberia,4.571000000000001,3.622,3.5329999919999997
107,India,4.565,4.404,4.315000057
108,Sudan,4.55,4.138999999999999,4.138999939
109,Haiti,4.518,4.0280000000000005,3.6029999260000003
110,Congo (Kinshasa),4.5169999999999995,4.272,4.28000021
111,Nepal,4.513999999999999,4.793,4.961999893
112,Ethiopia,4.512,4.508,4.460000038
113,Sierra Leone,4.507,4.635,4.709000111
114,Mauritania,4.436,4.2010000000000005,4.291999817
115,Kenya,4.419,4.356,4.552999973
116,Armenia,4.35,4.36,4.375999928
117,Botswana,4.332,3.9739999999999998,3.766000032
118,Myanmar,4.3069999999999995,4.395,4.545000076
119,Georgia,4.297,4.252,4.285999775
120,Malawi,4.292,4.156000000000001,3.970000029
121,Sri Lanka,4.271,4.415,4.440000057
122,Cameroon,4.252,4.513,4.695000172
123,Bulgaria,4.218,4.217,4.714000225
124,Egypt,4.194,4.362,4.735000134
125,Yemen,4.077,3.7239999999999998,3.592999935
126,Angola,4.033,3.866,3.7950000760000004
127,Mali,3.995,4.073,4.190000057
128,Congo (Brazzaville),3.989,4.236000000000001,4.290999889
129,Uganda,3.931,3.739,4.0809998510000005
130,Senegal,3.904,4.218999999999999,4.534999847
131,Gabon,3.8960000000000004,4.121,4.465000153
132,Niger,3.845,3.8560000000000003,4.027999878
133,Cambodia,3.819,3.907,4.168000221000001
134,Tanzania,3.781,3.6660000000000004,3.348999977
135,Madagascar,3.681,3.695,3.644000053
136,Chad,3.667,3.763,3.9360001089999996
137,Guinea,3.656,3.6069999999999998,3.5069999689999998
138,Ivory Coast,3.655,3.9160000000000004,4.179999828
139,Burkina Faso,3.5869999999999997,3.739,4.032000065
140,Afghanistan,3.575,3.36,3.79399991
141,Rwanda,3.465,3.515,3.4709999560000004
142,Benin,3.34,3.484,3.657000065
143,Syria,3.0060000000000002,3.069,3.461999893
144,Burundi,2.905,2.905,2.904999971
145,Togo,2.839,3.303,3.4949998860000004
